image: ./museum.pgm
resolution: 0.050000
origin: [-11.719087, -9.582104, 0.0]
negate: 0
occupied_thresh: 0.65
free_thresh: 0.196
