image: ./warehouse.pgm
resolution: 0.050000
origin: [-10.019350, -9.996012, 0.000000]
negate: 0
occupied_thresh: 0.65
free_thresh: 0.196

